image_width: 640
image_height: 480
camera_name: cam1
camera_matrix:
  rows: 3
  cols: 3
  data: [384.694531894, 0.0, 320.320849076, 0.0, 385.021555158, 239.847398045, 0.0, 0.0, 1.0]
distortion_model: plumb_bob
distortion_coefficients:
  rows: 1
  cols: 5
  data: [0.00871671060472, -0.00960603290131, 4.80143849872e-05, -0.000943632221057, 0.0]

